#F1        F2        Iq
0.001 15045.7 450.355 450.122
0.0110909 11465.1 278.909 233.746
0.0211818 5958.63 147.55 18.3476
0.0312727 3236.23 98.3233 11.5501
0.0413636 2694.09 70.0647 14.3934
0.0514545 2108.33 51.4053 2.22373e-06
0.0615455 1488.18 38.4821 5.79819
0.0716364 1275.26 28.7461 1.75599
0.0817273 1061.9 21.2865 0.870889
0.0918182 778.228 15.5944 2.14909
0.101909 653.241 11.1524 0.0245626
0.112 546.601 7.75911 0.950776
0.122091 386.579 5.2256 0.444603
0.132182 305.649 3.34415 0.109622
0.142273 248.913 2.01785 0.446854
0.152364 153.814 1.1246 0.018976
0.162455 102.232 0.548099 0.15658
0.172545 75.4648 0.224541 0.0983709
0.182636 21.0493 0.0715115 0.00959269
0.192727 -9.08452 0.0256011 0.0670549
0.202818 -16.16 0.0516443 0.00538457
0.212909 -43.4276 0.104957 0.0139946
0.223 -58.1621 0.161811 0.00964911
0.233091 -52.6966 0.211943 0.000204952
0.243182 -62.1908 0.240064 0.00206785
0.253273 -66.8549 0.246976 8.49652e-05
0.263364 -54.5818 0.23627 3.03532e-06
0.273455 -53.4806 0.207794 0.00036601
0.283545 -52.7164 0.1708 5.1398e-06
0.293636 -38.2444 0.130799 0.00203636
0.303727 -32.0454 0.0904427 0.00101776
0.313818 -29.5503 0.0567426 0.00126742
0.323909 -16.2686 0.0308015 0.00390668
0.334 -8.87872 0.0126784 1.52415e-05
0.344091 -7.17944 0.0043044 0.00377042
0.354182 2.83822 0.00267396 0.00190378
0.364273 9.04483 0.005961 0.000875674
0.374364 8.65158 0.0133131 0.00331373
0.384455 14.598 0.0210146 9.32556e-05
0.394545 18.6062 0.0279826 0.001757
0.404636 15.9172 0.0334924 0.00103735
0.414727 18.0313 0.0355922 0.000177885
0.424818 19.875 0.0350785 0.000923594
0.434909 15.4841 0.0322494 5.27838e-05
0.445 14.7031 0.0269769 0.000214909
0.455091 15.0666 0.021047 0.000109063
0.465182 9.98597 0.0149449 3.15368e-06
0.475273 7.54884 0.00909577 4.50984e-06
0.485364 7.35709 0.00484742 1.00666e-06
0.495455 2.64341 0.0019613 2.18619e-05
0.505545 -0.269274 0.000510093 7.97543e-05
0.515636 -0.193067 0.00084304 2.76131e-06
0.525727 -3.72929 0.00203178 0.000226216
0.535818 -6.25199 0.00387907 8.08326e-05
0.545909 -5.40665 0.0061605 0.000137062
0.556 -7.36261 0.0079531 0.000331275
0.566091 -9.06309 0.00930291 1.34082e-08
0.576182 -7.34614 0.0100271 0.000339471
0.586273 -7.74805 0.00972732 0.000138783
0.596364 -8.60959 0.00887707 9.17535e-05
0.606455 -6.26484 0.00749688 0.000267788
0.616545 -5.47349 0.00565398 3.16169e-06
0.626636 -5.77468 0.00395103 0.000148298
0.636727 -3.2529 0.00237147 6.94411e-05
0.646818 -1.80116 0.00108242 1.69313e-05
0.656909 -1.94561 0.00043538 5.80134e-05
0.667 0.266295 0.000176979 1.75806e-06
0.677091 1.84805 0.000361586 8.91626e-06
0.687182 1.49667 0.0010042 1.61958e-06
0.697273 3.02508 0.00170885 6.17607e-09
0.707364 4.3466 0.00249443 3.89913e-06
0.717455 3.5807 0.0032302 1.56667e-06
0.727545 4.2556 0.00362486 1.41165e-05
0.737636 5.13728 0.00381536 2.76004e-05
0.747727 3.94977 0.00371456 1.83557e-06
0.757818 3.82122 0.00326122 5.98797e-05
0.767909 4.29062 0.00271103 1.51542e-05
0.778 2.84874 0.00202957 3.48632e-05
0.788091 2.13783 0.00130459 6.51954e-05
0.798182 2.36706 0.000763851 3.75934e-07
0.808273 0.935994 0.000326331 6.65099e-05
0.818364 -0.0547 8.34044e-05 2.0975e-05
0.828455 0.158087 0.000113996 1.90261e-05
0.838545 -0.994228 0.000252095 4.19428e-05
0.848636 -1.97794 0.000543313 9.62525e-08
0.858727 -1.59672 0.000934612 2.18659e-05
0.868818 -2.28206 0.00125201 7.5116e-06
0.878909 -3.06332 0.00154861 2.27463e-06
0.889 -2.42913 0.00174007 4.44846e-06
0.899091 -2.58582 0.00174362 4.02208e-08
0.909182 -3.09556 0.00166658 2.96648e-08
0.919273 -2.24278 0.00145582 2.85984e-07
0.929364 -1.93807 0.00113696 3.32631e-07
0.939455 -2.22452 0.000839135 5.3794e-06
0.949545 -1.28319 0.000521083 7.71474e-07
0.959636 -0.676924 0.000253767 8.27004e-06
0.969727 -0.862131 0.000114533 1.12074e-05
0.979818 -0.00638389 3.26362e-05 1.25777e-06
0.989909 0.707473 6.33242e-05 2.15024e-05
1 0.486722 0.000199857 3.80949e-06
