#F1        F2        Iq
0.001 15045.7 450.355 450.122
0.002 14944.2 444.33 443.373
0.003 14776.8 434.54 432.306
0.004 14545.8 421.351 417.186
0.005 14254.4 405.241 398.371
0.006 13906.9 386.774 376.304
0.007 13508 366.569 351.493
0.008 13063.2 345.267 324.501
0.009 12578.5 323.491 295.923
0.01 12060.5 301.824 266.374
0.011 11515.8 280.776 236.462
0.012 10951.2 260.769 206.781
0.013 10373.9 242.121 177.883
0.014 9790.45 225.047 150.274
0.015 9207.63 209.653 124.391
0.016 8631.67 195.954 100.602
0.017 8068.43 183.885 79.1899
0.018 7523.24 173.314 60.3545
0.019 7000.81 164.07 44.209
0.02 6505.21 155.957 30.7827
0.021 6039.79 148.772 20.0252
0.022 5607.16 142.324 11.8146
0.023 5209.19 136.443 5.96608
0.024 4847 130.988 2.24347
0.025 4521 125.852 0.371232
0.026 4230.9 120.961 0.0473081
0.027 3975.79 116.27 0.956028
0.028 3754.2 111.761 2.78057
0.029 3564.15 107.433 5.21455
0.03 3403.23 103.294 7.97234
0.031 3268.72 99.3592 10.7977
0.032 3157.64 95.6413 13.4707
0.033 3066.86 92.1478 15.8124
0.034 2993.18 88.8783 17.6877
0.035 2933.4 85.8243 19.0058
0.036 2884.43 82.9696 19.7196
0.037 2843.3 80.292 19.8218
0.038 2807.31 77.7663 19.3412
0.039 2773.99 75.3666 18.3369
0.04 2741.19 73.0688 16.8919
0.041 2707.1 70.8531 15.106
0.042 2670.27 68.7046 13.0891
0.043 2629.61 66.6142 10.9541
0.044 2584.37 64.5781 8.8107
0.045 2534.16 62.5971 6.75998
0.046 2478.89 60.6747 4.88954
0.047 2418.78 58.8161 3.27014
0.048 2354.29 57.0264 1.95338
0.049 2286.07 55.3092 0.970553
0.05 2214.96 53.6662 0.332708
0.051 2141.91 52.0959 0.0317226
0.052 2067.92 50.5947 0.0423321
0.053 1994.04 49.1564 0.324886
0.054 1921.29 47.7737 0.828649
0.055 1850.63 46.4384 1.49543
0.056 1782.94 45.1431 2.26331
0.057 1718.97 43.8812 3.07033
0.058 1659.34 42.6479 3.85781
0.059 1604.52 41.4405 4.57334
0.06 1554.78 40.2581 5.17311
0.061 1510.27 39.1015 5.62367
0.062 1470.94 37.9725 5.90299
0.063 1436.61 36.8737 6.00072
0.064 1406.96 35.8074 5.91797
0.065 1381.54 34.7755 5.6663
0.066 1359.8 33.7787 5.26634
0.067 1341.13 32.8168 4.74589
0.068 1324.87 31.8881 4.13791
0.069 1310.32 30.9902 3.47822
0.07 1296.81 30.1199 2.80326
0.071 1283.69 29.2736 2.14803
0.072 1270.35 28.4482 1.54414
0.073 1256.25 27.6408 1.01828
0.074 1240.95 26.8495 0.591018
0.075 1224.08 26.0733 0.276057
0.076 1205.39 25.3119 0.0798951
0.077 1184.74 24.5661 0.00193924
0.078 1162.08 23.8369 0.0350078
0.079 1137.47 23.1257 0.166169
0.08 1111.05 22.4337 0.377851
0.081 1083.07 21.762 0.649146
0.082 1053.82 21.111 0.957218
0.083 1023.65 20.4803 1.27873
0.084 992.964 19.8691 1.5912
0.085 962.16 19.2762 1.87424
0.086 931.654 18.6997 2.11059
0.087 901.842 18.1379 2.28689
0.088 873.093 17.5892 2.39419
0.089 845.735 17.052 2.42822
0.09 820.04 16.5255 2.38928
0.091 796.22 16.0092 2.28199
0.092 774.419 15.5031 2.11469
0.093 754.709 15.0078 1.89877
0.094 737.094 14.5239 1.64779
0.095 721.507 14.0523 1.37658
0.096 707.821 13.5936 1.10027
0.097 695.849 13.1484 0.833432
0.098 685.36 12.7169 0.589236
0.099 676.087 12.2988 0.378787
0.1 667.735 11.8935 0.2106
0.101 659.998 11.5003 0.0902627
0.102 652.57 11.1181 0.0202901
0.103 645.154 10.7458 0.00016239
0.104 637.475 10.3823 0.0265386
0.105 629.288 10.0271 0.0936204
0.106 620.388 9.67943 0.193637
0.107 610.617 9.33922 0.317416
0.108 599.862 9.00654 0.454999
0.109 588.065 8.68172 0.596271
0.11 575.219 8.36522 0.731555
0.111 561.368 8.05754 0.852149
0.112 546.601 7.75911 0.950776
0.113 531.048 7.47019 1.02192
0.114 514.875 7.19083 1.06203
0.115 498.274 6.92082 1.06963
0.116 481.455 6.65974 1.04527
0.117 464.636 6.407 0.991339
0.118 448.038 6.16189 0.911874
0.119 431.872 5.92373 0.812171
0.12 416.332 5.69187 0.69842
0.121 401.588 5.46585 0.577286
0.122 387.784 5.24537 0.455485
0.123 375.024 5.03034 0.339388
0.124 363.38 4.82085 0.234669
0.125 352.881 4.61714 0.14601
0.126 343.519 4.41953 0.0768896
0.127 335.248 4.22832 0.0294483
0.128 327.986 4.04376 0.0044446
0.129 321.621 3.86599 0.00129406
0.13 316.016 3.69497 0.0181848
0.131 311.015 3.53051 0.0522586
0.132 306.447 3.37228 0.0998426
0.133 302.136 3.21983 0.156715
0.134 297.91 3.07267 0.218386
0.135 293.599 2.93031 0.280381
0.136 289.052 2.79233 0.338499
0.137 284.135 2.65842 0.389045
0.138 278.738 2.5284 0.429017
0.139 272.778 2.40224 0.456237
0.14 266.204 2.28002 0.46943
0.141 258.993 2.1619 0.468243
0.142 251.155 2.04811 0.453203
0.143 242.729 1.93883 0.425636
0.144 233.78 1.83422 0.387536
0.145 224.398 1.73433 0.341402
0.146 214.693 1.63909 0.290059
0.147 204.787 1.54832 0.236474
0.148 194.814 1.46175 0.183563
0.149 184.91 1.37904 0.134027
0.15 175.211 1.29983 0.0902048
0.151 165.844 1.22377 0.0539544
0.152 156.925 1.15055 0.0265762
0.153 148.555 1.07999 0.00877088
0.154 140.813 1.01197 0.000636407
0.155 133.756 0.946473 0.00170163
0.156 127.418 0.883584 0.0109913
0.157 121.808 0.823428 0.0271169
0.158 116.908 0.766153 0.0483868
0.159 112.68 0.71189 0.0729262
0.16 109.062 0.660721 0.0988013
0.161 105.974 0.612653 0.124138
0.162 103.322 0.567612 0.14723
0.163 101 0.525439 0.166627
0.164 98.8964 0.485913 0.181207
0.165 96.8963 0.448769 0.190217
0.166 94.8883 0.413733 0.193295
0.167 92.7673 0.380553 0.190465
0.168 90.4389 0.349025 0.182104
0.169 87.8227 0.319012 0.1689
0.17 84.8552 0.290454 0.151787
0.171 81.4918 0.263361 0.131871
0.172 77.708 0.237801 0.11035
0.173 73.5001 0.213876 0.0884388
0.174 68.8842 0.191694 0.067292
0.175 63.8961 0.171347 0.0479399
0.176 58.5884 0.152879 0.0312352
0.177 53.0285 0.136281 0.0178146
0.178 47.2955 0.121476 0.00807582
0.179 41.4769 0.10833 0.00217174
0.18 35.6646 0.0966658 1.87774e-05
0.181 29.9515 0.0862785 0.00131969
0.182 24.4275 0.0769645 0.00559743
0.183 19.1762 0.0685422 0.0122375
0.184 14.2717 0.0608724 0.0205356
0.185 9.77554 0.0538702 0.0297468
0.186 5.73493 0.0475085 0.0391341
0.187 2.18089 0.0418131 0.0480121
0.188 -0.872571 0.0368492 0.0557844
0.189 -3.42869 0.032703 0.0619733
0.19 -5.50752 0.0294605 0.0662386
0.191 -7.14478 0.0271869 0.0683875
0.192 -8.39017 0.0259109 0.0683745
0.193 -9.3052 0.0256144 0.0662918
0.194 -9.96047 0.0262304 0.0623524
0.195 -10.4328 0.0276491 0.0568667
0.196 -10.8021 0.0297298 0.0502158
0.197 -11.1481 0.0323181 0.0428214
0.198 -11.5475 0.0352646 0.0351169
0.199 -12.0706 0.0384426 0.0275193
0.2 -12.779 0.0417614 0.0204048
0.201 -13.7236 0.0451747 0.0140893
0.202 -14.9421 0.048681 0.00881399
0.203 -16.4585 0.052318 0.00473677
0.204 -18.2823 0.0561503 0.00193011
0.205 -20.4081 0.0602546 0.000384112
0.206 -22.8166 0.0647027 1.45629e-05
0.207 -25.4754 0.0695463 0.000675018
0.208 -28.3404 0.0748051 0.0021717
0.209 -31.3583 0.0804614 0.00428005
0.21 -34.4685 0.0864593 0.0067617
0.211 -37.6057 0.0927114 0.00938078
0.212 -40.7028 0.0991098 0.0119185
0.213 -43.6934 0.10554 0.0141852
0.214 -46.5146 0.111895 0.0160297
0.215 -49.1094 0.11809 0.0173446
0.216 -51.4288 0.124072 0.0180689
0.217 -53.4337 0.129823 0.0181871
0.218 -55.0962 0.135359 0.0177252
0.219 -56.4007 0.140727 0.0167447
0.22 -57.3442 0.145991 0.0153349
0.221 -57.9361 0.151222 0.0136038
0.222 -58.198 0.156481 0.011669
0.223 -58.1621 0.161811 0.00964911
0.224 -57.8704 0.167229 0.00765541
0.225 -57.3723 0.172719 0.00578552
0.226 -56.7231 0.178235 0.00411838
0.227 -55.9811 0.183711 0.0027111
0.228 -55.206 0.189065 0.00159766
0.229 -54.4558 0.194213 0.000789406
0.23 -53.7852 0.199082 0.000276976
0.231 -53.2431 0.203618 3.34939e-05
0.232 -52.8709 0.207794 1.86028e-05
0.233 -52.7011 0.211613 0.000182965
0.234 -52.7563 0.215104 0.000472864
0.235 -53.0479 0.218317 0.000834548
0.236 -53.5769 0.221316 0.00121804
0.237 -54.3329 0.224164 0.00158021
0.238 -55.2956 0.226915 0.00188688
0.239 -56.4355 0.229606 0.0021141
0.24 -57.7152 0.232249 0.00224837
0.241 -59.091 0.234833 0.00228612
0.242 -60.5149 0.237321 0.00223244
0.243 -61.9366 0.23966 0.00209933
0.244 -63.3052 0.241789 0.00190363
0.245 -64.5719 0.243649 0.00166489
0.246 -65.6914 0.245189 0.00140326
0.247 -66.6237 0.246379 0.00113771
0.248 -67.336 0.24721 0.000884522
0.249 -67.8034 0.247696 0.000656365
0.25 -68.0102 0.247876 0.000461712
0.251 -67.9501 0.247798 0.000304799
0.252 -67.6266 0.247523 0.000185965
0.253 -67.0524 0.247108 0.000102319
0.254 -66.249 0.246597 4.8621e-05
0.255 -65.2459 0.246022 1.82696e-05
0.256 -64.0788 0.245392 4.27907e-06
0.257 -62.7886 0.244695 1.5107e-07
0.258 -61.4195 0.243902 5.60775e-07
0.259 -60.0172 0.242971 1.80508e-06
0.26 -58.6274 0.241855 1.98958e-06
0.261 -57.2934 0.240511 9.59875e-07
0.262 -56.055 0.238905 8.95605e-09
0.263 -54.9468 0.237023 1.41408e-06
0.264 -53.9969 0.234866 7.87125e-06
0.265 -53.2259 0.232456 2.19025e-05
0.266 -52.6462 0.229832 4.53104e-05
0.267 -52.2619 0.227042 7.87464e-05
0.268 -52.0683 0.224139 0.000121443
0.269 -52.0527 0.221171 0.000171146
0.27 -52.1949 0.218176 0.000224246
0.271 -52.468 0.215177 0.000276115
0.272 -52.8395 0.21218 0.000321593
0.273 -53.2733 0.209172 0.000355584
0.274 -53.7305 0.206126 0.000373707
0.275 -54.1712 0.20301 0.000372905
0.276 -54.5563 0.199785 0.000351974
0.277 -54.849 0.196419 0.000311929
0.278 -55.0162 0.19289 0.000256173
0.279 -55.0296 0.18919 0.000190426
0.28 -54.8671 0.185329 0.000122424
0.281 -54.5134 0.181331 6.13823e-05
0.282 -53.9606 0.177231 1.72806e-05
0.283 -53.2084 0.173075 8.17478e-09
0.284 -52.2641 0.168906 1.84503e-05
0.285 -51.1419 0.164764 7.95908e-05
0.286 -49.8627 0.160679 0.000187712
0.287 -48.4531 0.156665 0.000343767
0.288 -46.9438 0.152723 0.000544993
0.289 -45.3692 0.148838 0.000784806
0.29 -43.7651 0.144988 0.001053
0.291 -42.168 0.141139 0.00133628
0.292 -40.6131 0.137264 0.00161903
0.293 -39.1333 0.133334 0.00188437
0.294 -37.758 0.129337 0.00211533
0.295 -36.5114 0.125267 0.00229614
0.296 -35.4124 0.121138 0.00241348
0.297 -34.4735 0.116972 0.00245759
0.298 -33.7005 0.112802 0.00242325
0.299 -33.0922 0.108666 0.00231036
0.3 -32.641 0.104599 0.00212428
0.301 -32.3328 0.100632 0.00187569
0.302 -32.1478 0.0967858 0.00158014
0.303 -32.0618 0.093068 0.00125717
0.304 -32.0466 0.0894741 0.000929141
0.305 -32.0715 0.085988 0.000619783
0.306 -32.1047 0.0825853 0.000352634
0.307 -32.1143 0.0792381 0.000149402
0.308 -32.0697 0.0759198 2.84083e-05
0.309 -31.9428 0.0726094 3.21135e-06
0.31 -31.7092 0.0692954 8.15162e-05
0.311 -31.3491 0.0659776 0.000264452
0.312 -30.8478 0.0626675 0.000546282
0.313 -30.1966 0.0593863 0.000914564
0.314 -29.3928 0.056162 0.00135079
0.315 -28.4399 0.0530249 0.00183142
0.316 -27.3473 0.0500033 0.00232932
0.317 -26.1298 0.0471193 0.00281544
0.318 -24.8073 0.0443857 0.00326069
0.319 -23.4035 0.0418042 0.00363782
0.32 -21.9451 0.0393656 0.00392322
0.321 -20.4609 0.0370519 0.00409858
0.322 -18.9805 0.0348389 0.00415211
0.323 -17.5329 0.0327006 0.00407946
0.324 -16.1456 0.0306133 0.00388408
0.325 -14.8437 0.0285595 0.00357717
0.326 -13.6486 0.0265301 0.00317702
0.327 -12.5774 0.0245262 0.00270794
0.328 -11.6421 0.0225587 0.00219879
0.329 -10.8495 0.020646 0.0016812
0.33 -10.2006 0.0188116 0.00118756
0.331 -9.69116 0.0170797 0.000748961
0.332 -9.31141 0.0154716 0.000393257
0.333 -9.04684 0.0140024 0.000143252
0.334 -8.87872 0.0126784 1.52415e-05
0.335 -8.78494 0.0114964 1.79565e-05
0.336 -8.74093 0.0104443 0.00015199
0.337 -8.72065 0.0095026 0.000409739
0.338 -8.6977 0.00864801 0.00077587
0.339 -8.64633 0.00785653 0.00122828
0.34 -8.54248 0.00710728 0.00173947
0.341 -8.36475 0.00638547 0.00227829
0.342 -8.09517 0.0056844 0.0028119
0.343 -7.71993 0.00500616 0.00330778
0.344 -7.22986 0.0043609 0.00373581
0.345 -6.62078 0.00376488 0.00407011
0.346 -5.89354 0.00323756 0.00429064
0.347 -5.05403 0.00279819 0.00438437
0.348 -4.11281 0.00246259 0.00434612
0.349 -3.08469 0.00224041 0.00417875
0.35 -1.98807 0.00213344 0.00389293
0.351 -0.844203 0.00213518 0.00350642
0.352 0.323723 0.00223168 0.00304292
0.353 1.49149 0.0024036 0.00253048
0.354 2.63482 0.00262896 0.00199978
0.355 3.73037 0.00288636 0.00148215
0.356 4.75661 0.00315799 0.00100767
0.357 5.69469 0.00343203 0.000603317
0.358 6.52911 0.00370409 0.000291349
0.359 7.24835 0.00397744 8.80092e-05
0.36 7.84524 0.00426203 2.62387e-06
0.361 8.3172 0.00457246 3.71507e-05
0.362 8.66632 0.00492532 0.000186188
0.363 8.89918 0.00533618 0.000437446
0.364 9.02657 0.00581686 0.000772632
0.365 9.06298 0.00637323 0.0011687
0.366 9.02601 0.00700415 0.00159936
0.367 8.93562 0.00770133 0.00203677
0.368 8.81332 0.0084505 0.00245327
0.369 8.68126 0.00923332 0.00282308
0.37 8.5614 0.0100301 0.00312385
0.371 8.47458 0.0108225 0.00333793
0.372 8.43973 0.0115961 0.00345336
0.373 8.47313 0.0123422 0.00346443
0.374 8.5878 0.013059 0.00337189
0.375 8.79299 0.0137511 0.00318271
0.376 9.0939 0.0144289 0.00290953
0.377 9.49144 0.0151058 0.00256965
0.378 9.98233 0.0157965 0.0021839
0.379 10.5592 0.016514 0.00177525
0.38 11.211 0.0172675 0.0013673
0.381 11.9233 0.0180603 0.000982871
0.382 12.6792 0.0188897 0.000642594
0.383 13.4598 0.0197469 0.000363737
0.384 14.245 0.0206183 0.000159257
0.385 15.0145 0.0214873 3.71545e-05
0.386 15.7482 0.0223371 1.59112e-07
0.387 16.4275 0.0231526 4.57474e-05
0.388 17.0356 0.023923 0.000166491
0.389 17.5585 0.0246428 0.000350692
0.39 17.9853 0.0253127 0.000583266
0.391 18.3086 0.0259389 0.000846792
0.392 18.525 0.0265322 0.00112267
0.393 18.6348 0.0271055 0.00139234
0.394 18.6424 0.0276722 0.00163835
0.395 18.5558 0.0282434 0.00184546
0.396 18.3861 0.0288264 0.00200144
0.397 18.1476 0.0294233 0.00209771
0.398 17.8565 0.0300304 0.00212968
0.399 17.5309 0.0306393 0.0020969
0.4 17.1893 0.0312374 0.00200286
0.401 16.8508 0.0318105 0.00185462
0.402 16.5336 0.0323446 0.0016622
0.403 16.2544 0.0328281 0.0014378
0.404 16.028 0.0332534 0.00119501
0.405 15.8667 0.0336181 0.000947828
0.406 15.7796 0.0339251 0.000709816
0.407 15.7725 0.0341821 0.000493286
0.408 15.8477 0.0344 0.000308598
0.409 16.0036 0.0345916 0.000163626
0.41 16.2353 0.0347691 6.34017e-05
0.411 16.5345 0.0349422 9.96608e-06
0.412 16.8902 0.0351168 2.40391e-06
0.413 17.2885 0.0352939 3.70702e-05
0.414 17.7142 0.0354697 0.000107974
0.415 18.1502 0.035636 0.000207286
0.416 18.5795 0.035782 0.000325939
0.417 18.9847 0.0358954 0.000454264
0.418 19.3495 0.0359651 0.000582633
0.419 19.659 0.0359824 0.000702055
0.42 19.9004 0.0359427 0.000804703
0.421 20.0635 0.0358459 0.000884324
0.422 20.1408 0.0356968 0.000936531
0.423 20.1283 0.035504 0.000958956
0.424 20.0251 0.0352786 0.000951256
0.425 19.8339 0.0350328 0.000915005
0.426 19.5604 0.0347775 0.000853452
0.427 19.2134 0.0345211 0.000771199
0.428 18.8042 0.0342683 0.000673814
0.429 18.3463 0.0340193 0.000567403
0.43 17.8546 0.0337699 0.00045818
0.431 17.3452 0.0335126 0.000352066
0.432 16.8344 0.0332377 0.00025433
0.433 16.3381 0.0329349 0.000169303
0.434 15.8714 0.0325954 0.000100176
0.435 15.4477 0.0322128 4.88843e-05
0.436 15.0785 0.0317848 1.60894e-05
0.437 14.7725 0.0313133 1.24348e-06
0.438 14.5361 0.030804 2.72872e-06
0.439 14.3721 0.030266 1.80577e-05
0.44 14.2805 0.0297101 4.41147e-05
0.441 14.2583 0.0291474 7.74182e-05
0.442 14.2992 0.0285877 0.000114386
0.443 14.3946 0.0280379 0.000151583
0.444 14.5336 0.0275012 0.000185936
0.445 14.7031 0.0269769 0.000214909
0.446 14.8893 0.0264607 0.000236613
0.447 15.0772 0.0259451 0.000249876
0.448 15.2519 0.0254216 0.000254246
0.449 15.3991 0.0248814 0.000249944
0.45 15.5053 0.0243172 0.000237777
0.451 15.5589 0.0237247 0.000219015
0.452 15.5502 0.023103 0.00019525
0.453 15.4719 0.0224552 0.000168248
0.454 15.3194 0.0217875 0.000139793
0.455 15.0911 0.0211089 0.000111565
0.456 14.7882 0.0204294 8.50223e-05
0.457 14.4148 0.0197588 6.13223e-05
0.458 13.9775 0.0191053 4.12742e-05
0.459 13.4855 0.0184743 2.53211e-05
0.46 12.9498 0.0178674 1.35551e-05
0.461 12.3831 0.0172831 5.75746e-06
0.462 11.799 0.0167165 1.45962e-06
0.463 11.2116 0.0161603 1.62037e-08
0.464 10.6351 0.0156065 6.84181e-07
0.465 10.0828 0.0150476 2.69975e-06
0.466 9.56695 0.0144774 5.34704e-06
0.467 9.09817 0.013893 8.01347e-06
0.468 8.68502 0.0132945 1.02283e-05
0.469 8.33373 0.0126855 1.16826e-05
0.47 8.04793 0.0120723 1.22315e-05
0.471 7.82853 0.0114632 1.18798e-05
0.472 7.67376 0.0108672 1.0754e-05
0.473 7.57922 0.0102926 9.06657e-06
0.474 7.53813 0.0097459 7.07475e-06
0.475 7.54155 0.00923068 5.04044e-06
0.476 7.57884 0.00874741 3.19462e-06
0.477 7.63805 0.0082933 1.70993e-06
0.478 7.70645 0.00786294 6.83924e-07
0.479 7.77101 0.00744922 1.33881e-07
0.48 7.81894 0.00704454 3.15967e-09
0.481 7.83822 0.00664206 1.77573e-07
0.482 7.81806 0.00623683 5.09311e-07
0.483 7.74933 0.0058266 8.45187e-07
0.484 7.62489 0.00541217 1.05558e-06
0.485 7.43991 0.00499727 1.06041e-06
0.486 7.19201 0.004588 8.48927e-07
0.487 6.88134 0.00419184 4.90629e-07
0.488 6.51058 0.00381652 1.35764e-07
0.489 6.08479 0.00346879 4.88438e-09
0.49 5.61122 0.00315343 3.6816e-07
0.491 5.09898 0.00287253 1.51626e-06
0.492 4.55867 0.0026252 3.72558e-06
0.493 4.00197 0.00240774 7.22139e-06
0.494 3.44115 0.00221432 1.21427e-05
0.495 2.88858 0.00203786 1.85127e-05
0.496 2.35625 0.00187121 2.62186e-05
0.497 1.85527 0.00170824 3.5003e-05
0.498 1.3955 0.00154479 4.44696e-05
0.499 0.985085 0.00137929 5.41028e-05
0.5 0.630227 0.00121296 6.33009e-05
0.501 0.334906 0.00104958 7.14211e-05
0.502 0.10076 0.000894819 7.78324e-05
0.503 -0.0729581 0.000755301 8.19727e-05
0.504 -0.189331 0.000637537 8.34053e-05
0.505 -0.253632 0.000546858 8.18692e-05
0.506 -0.273094 0.000486562 7.73192e-05
0.507 -0.256602 0.000457382 6.99511e-05
0.508 -0.214324 0.000457358 6.02085e-05
0.509 -0.15729 0.000482139 4.87704e-05
0.51 -0.0969459 0.000525652 3.65185e-05
0.511 -0.0446896 0.000581022 2.44854e-05
0.512 -0.0114135 0.000641624 1.3787e-05
0.513 -0.00707262 0.000702062 5.54409e-06
0.514 -0.0402919 0.000758951 7.97137e-07
0.515 -0.118031 0.000811372 4.21912e-07
0.516 -0.245315 0.000860926 5.0519e-06
0.517 -0.425052 0.000911397 1.5014e-05
0.518 -0.657925 0.000968062 3.0283e-05
0.519 -0.942384 0.00103679 5.04597e-05
0.52 -1.27472 0.00112304 7.47749e-05
0.521 -1.64924 0.00123094 0.000102121
0.522 -2.05848 0.00136261 0.00013111
0.523 -2.49355 0.00151773 0.000160153
0.524 -2.94446 0.00169361 0.000187562
0.525 -3.40056 0.00188553 0.000211661
0.526 -3.85094 0.00208747 0.000230902
0.527 -4.28489 0.00229296 0.000243975
0.528 -4.6923 0.00249606 0.000249914
0.529 -5.06408 0.00269222 0.000248177
0.53 -5.3925 0.00287887 0.000238698
0.531 -5.67147 0.00305579 0.000221917
0.532 -5.89682 0.00322498 0.000198769
0.533 -6.0664 0.00339031 0.000170642
0.534 -6.18015 0.00355677 0.0001393
0.535 -6.24014 0.00372962 0.000106784
0.536 -6.2504 0.00391349 7.52798e-05
0.537 -6.2168 0.00411158 4.69848e-05
0.538 -6.14675 0.00432511 2.39601e-05
0.539 -6.04896 0.00455308 7.99196e-06
0.54 -5.933 0.00479238 4.65916e-07
0.541 -5.80896 0.00503823 2.26483e-06
0.542 -5.68707 0.00528491 1.36972e-05
0.543 -5.5772 0.00552656 3.44618e-05
0.544 -5.48857 0.0057581 6.36517e-05
0.545 -5.42931 0.00597588 9.97979e-05
0.546 -5.40619 0.00617826 0.000140951
0.547 -5.42434 0.00636572 0.000184798
0.548 -5.48704 0.00654074 0.000228798
0.549 -5.59565 0.0067073 0.000270349
0.55 -5.74953 0.00687022 0.000306944
0.551 -5.94609 0.00703429 0.000336339
0.552 -6.18091 0.00720352 0.000356698
0.553 -6.44792 0.0073804 0.000366716
0.554 -6.73969 0.00756556 0.000365711
0.555 -7.04767 0.00775754 0.000353673
0.556 -7.36261 0.0079531 0.000331275
0.557 -7.6749 0.00814763 0.000299836
0.558 -7.97493 0.00833591 0.000261248
0.559 -8.25354 0.00851284 0.000217856
0.56 -8.50232 0.00867425 0.000172322
0.561 -8.71398 0.00881748 0.000127452
0.562 -8.88261 0.00894177 8.60256e-05
0.563 -9.00392 0.00904833 5.062e-05
0.564 -9.07538 0.00914008 2.34468e-05
0.565 -9.09634 0.00922116 6.21254e-06
0.566 -9.06802 0.00929623 1.04514e-08
0.567 -8.99346 0.00936973 5.25056e-06
0.568 -8.87738 0.00944513 2.16334e-05
0.569 -8.72597 0.00952442 4.81683e-05
0.57 -8.54666 0.00960776 8.32356e-05
0.571 -8.3478 0.00969347 0.000124688
0.572 -8.13831 0.00977832 0.000169987
0.573 -7.92735 0.00985801 0.000216359
0.574 -7.72391 0.00992789 0.000260971
0.575 -7.53651 0.00998369 0.000301107
0.576 -7.37282 0.0100221 0.000334336
0.577 -7.23937 0.0100415 0.000358658
0.578 -7.14132 0.0100418 0.00037263
0.579 -7.08223 0.010025 0.000375449
0.58 -7.06396 0.00999426 0.000366994
0.581 -7.0866 0.00995386 0.000347832
0.582 -7.14847 0.00990829 0.000319173
0.583 -7.24622 0.00986161 0.000282789
0.584 -7.37495 0.00981684 0.000240896
0.585 -7.52845 0.00977549 0.000196017
0.586 -7.69943 0.00973736 0.000150816
0.587 -7.87983 0.00970063 0.000107936
0.588 -8.06115 0.00966213 6.98343e-05
0.589 -8.23481 0.00961792 3.8635e-05
0.59 -8.39246 0.00956393 1.60022e-05
0.591 -8.52633 0.00949663 3.04601e-06
0.592 -8.62954 0.00941357 2.64246e-07
0.593 -8.69638 0.00931384 7.52282e-06
0.594 -8.72252 0.00919818 2.40765e-05
0.595 -8.70516 0.00906888 4.86269e-05
0.596 -8.64315 0.00892947 7.94144e-05
0.597 -8.53705 0.00878413 0.000114337
0.598 -8.38904 0.00863709 0.000151085
0.599 -8.20287 0.00849202 0.000187292
0.6 -7.9837 0.00835142 0.00022068
0.601 -7.73785 0.00821635 0.000249197
0.602 -7.47259 0.00808626 0.000271138
0.603 -7.19581 0.00795916 0.000285243
0.604 -6.9157 0.00783198 0.000290759
0.605 -6.64047 0.00770109 0.000287476
0.606 -6.37797 0.00756292 0.000275723
0.607 -6.1354 0.00741456 0.000256331
0.608 -5.91904 0.00725427 0.000230569
0.609 -5.734 0.00708175 0.00020005
0.61 -5.58402 0.00689822 0.000166625
0.611 -5.47133 0.00670629 0.000132255
0.612 -5.39661 0.00650951 9.88916e-05
0.613 -5.3589 0.0063119 6.83562e-05
0.614 -5.35573 0.00611731 4.2231e-05
0.615 -5.38319 0.0059289 2.17708e-05
0.616 -5.4361 0.00574862 7.83798e-06
0.617 -5.50822 0.00557705 8.6377e-07
0.618 -5.59255 0.00541326 8.38381e-07
0.619 -5.68155 0.00525509 7.32902e-06
0.62 -5.76752 0.0050995 1.95237e-05
0.621 -5.84284 0.0049431 3.62973e-05
0.622 -5.90033 0.00478273 5.62939e-05
0.623 -5.93352 0.00461601 7.80216e-05
0.624 -5.93687 0.00444169 9.99499e-05
0.625 -5.90605 0.00425995 0.000120608
0.626 -5.83806 0.00407231 0.00013867
0.627 -5.73136 0.00388148 0.000153037
0.628 -5.58593 0.00369091 0.000162886
0.629 -5.40325 0.0035043 0.000167717
0.63 -5.18622 0.00332502 0.000167361
0.631 -4.9391 0.00315566 0.000161977
0.632 -4.66725 0.0029976 0.000152026
0.633 -4.37696 0.00285087 0.000138224
0.634 -4.0752 0.00271419 0.000121485
0.635 -3.76931 0.00258519 0.000102856
0.636 -3.46673 0.00246083 8.34367e-05
0.637 -3.1747 0.00233792 6.43151e-05
0.638 -2.89995 0.00221363 4.64957e-05
0.639 -2.64848 0.00208595 3.08421e-05
0.64 -2.42529 0.00195407 1.80316e-05
0.641 -2.23422 0.00181844 8.52354e-06
0.642 -2.07778 0.00168077 2.54399e-06
0.643 -1.95705 0.00154373 8.64699e-08
0.644 -1.87171 0.00141055 9.27549e-07
0.645 -1.81999 0.00128452 4.65554e-06
0.646 -1.79878 0.00116849 1.07096e-05
0.647 -1.80379 0.00106444 1.84259e-05
0.648 -1.8297 0.000973165 2.70876e-05
0.649 -1.87038 0.000894198 3.59749e-05
0.65 -1.91916 0.000825893 4.44113e-05
0.651 -1.9691 0.000765707 5.18046e-05
0.652 -2.01324 0.00071061 5.76788e-05
0.653 -2.04492 0.000657578 6.1696e-05
0.654 -2.05802 0.000604071 6.36674e-05
0.655 -2.04724 0.000548428 6.35541e-05
0.656 -2.00823 0.000490129 6.14568e-05
0.657 -1.93786 0.000429859 5.75976e-05
0.658 -1.83426 0.000369395 5.2295e-05
0.659 -1.69692 0.000311308 4.59338e-05
0.66 -1.5267 0.000258552 3.89338e-05
0.661 -1.32582 0.000213986 3.1718e-05
0.662 -1.09769 0.000179926 2.46839e-05
0.663 -0.846838 0.000157772 1.81785e-05
0.664 -0.578704 0.000147791 1.248e-05
0.665 -0.299402 0.000149076 7.78475e-06
0.666 -0.0154909 0.000159693 4.20267e-06
0.667 0.266295 0.000176979 1.75806e-06
0.668 0.539311 0.000197961 3.97199e-07
0.669 0.797271 0.00021981 6.59466e-10
0.67 1.03449 0.000240278 3.99237e-07
0.671 1.2461 0.000258024 1.39191e-06
0.672 1.42825 0.00027281 2.76434e-06
0.673 1.57826 0.000285505 4.30636e-06
0.674 1.69468 0.000297926 5.82729e-06
0.675 1.77739 0.000312524 7.16802e-06
0.676 1.82756 0.000331971 8.20926e-06
0.677 1.8476 0.000358722 8.87568e-06
0.678 1.84107 0.000394609 9.13595e-06
0.679 1.81252 0.000440536 8.99928e-06
0.68 1.76729 0.000496327 8.50885e-06
0.681 1.71132 0.000560738 7.73324e-06
0.682 1.65086 0.000631647 6.7567e-06
0.683 1.59228 0.000706365 5.66926e-06
0.684 1.54177 0.00078205 4.55758e-06
0.685 1.50509 0.00085613 3.49729e-06
0.686 1.48737 0.000926679 2.54744e-06
0.687 1.4929 0.000992697 1.74722e-06
0.688 1.52492 0.00105423 1.11524e-06
0.689 1.58559 0.00111233 6.50938e-07
0.69 1.67579 0.00116886 3.3802e-07
0.691 1.79519 0.00122616 1.49116e-07
0.692 1.94222 0.00128667 5.12395e-08
0.693 2.11416 0.00135248 1.12568e-08
0.694 2.30723 0.00142504 7.94532e-10
0.695 2.51677 0.00150483 3.43511e-11
0.696 2.73742 0.00159137 1.70444e-11
0.697 2.96335 0.00168317 3.25021e-09
0.698 3.18847 0.00177806 2.26083e-08
0.699 3.40669 0.0018734 7.87055e-08
0.7 3.61218 0.00196659 1.96089e-07
0.701 3.79956 0.00205536 3.98731e-07
0.702 3.96413 0.00213816 7.05377e-07
0.703 4.10208 0.00221435 1.12532e-06
0.704 4.2106 0.00228428 1.65517e-06
0.705 4.288 0.00234919 2.27699e-06
0.706 4.33376 0.00241102 2.95823e-06
0.707 4.34857 0.00247201 3.6534e-06
0.708 4.33426 0.00253441 4.30767e-06
0.709 4.29377 0.00260003 4.86182e-06
0.71 4.23095 0.00266998 5.25844e-06
0.711 4.15048 0.00274447 5.44856e-06
0.712 4.05762 0.00282276 5.39817e-06
0.713 3.95804 0.00290328 5.09397e-06
0.714 3.85755 0.00298386 4.54762e-06
0.715 3.76191 0.00306205 3.79801e-06
0.716 3.67654 0.00313551 2.91116e-06
0.717 3.60639 0.00320235 1.97746e-06
0.718 3.55566 0.00326142 1.10648e-06
0.719 3.5277 0.00331244 4.19379e-07
0.72 3.52483 0.00335608 3.95977e-08
0.721 3.5483 0.00339377 8.23967e-08
0.722 3.59821 0.0034275 6.44125e-07
0.723 3.67354 0.00345947 1.79209e-06
0.724 3.77216 0.00349175 3.55598e-06
0.725 3.89098 0.0035259 5.92155e-06
0.726 4.02603 0.00356279 8.82751e-06
0.727 4.17261 0.00360239 1.21658e-05
0.728 4.32556 0.00364383 1.57856e-05
0.729 4.47938 0.0036855 1.95013e-05
0.73 4.62851 0.00372532 2.31034e-05
0.731 4.76753 0.00376106 2.63724e-05
0.732 4.89138 0.00379071 2.9094e-05
0.733 4.99556 0.00381276 3.10759e-05
0.734 5.07629 0.00382644 3.2163e-05
0.735 5.13071 0.00383186 3.22513e-05
0.736 5.15692 0.00382994 3.12992e-05
0.737 5.1541 0.00382229 2.93348e-05
0.738 5.12253 0.00381095 2.64579e-05
0.739 5.06355 0.00379803 2.28381e-05
0.74 4.97952 0.00378544 1.87066e-05
0.741 4.87373 0.00377454 1.4344e-05
0.742 4.75023 0.00376595 1.00636e-05
0.743 4.6137 0.00375947 6.19131e-06
0.744 4.46925 0.00375413 3.0441e-06
0.745 4.32219 0.00374833 9.07678e-07
0.746 4.17786 0.00374011 1.54231e-08
0.747 4.04138 0.00372749 5.29938e-07
0.748 3.91747 0.00370877 2.52868e-06
0.749 3.81026 0.0036828 5.9948e-06
0.75 3.72311 0.00364918 1.08141e-05
0.751 3.65851 0.00360833 1.67784e-05
0.752 3.61797 0.00356138 2.35955e-05
0.753 3.60197 0.00351008 3.09054e-05
0.754 3.60994 0.00345645 3.83012e-05
0.755 3.64029 0.00340251 4.53541e-05
0.756 3.6905 0.00334996 5.16411e-05
0.757 3.7572 0.00329995 5.67729e-05
0.758 3.83633 0.00325287 6.042e-05
0.759 3.92329 0.00320838 6.23365e-05
0.76 4.01313 0.00316539 6.23784e-05
0.761 4.10077 0.00312233 6.0516e-05
0.762 4.18119 0.00307738 5.6839e-05
0.763 4.24963 0.00302877 5.15537e-05
0.764 4.30176 0.0029751 4.49731e-05
0.765 4.33392 0.00291553 3.74987e-05
0.766 4.34316 0.00284996 2.95974e-05
0.767 4.32747 0.00277904 2.17727e-05
0.768 4.28575 0.00270409 1.45333e-05
0.769 4.21792 0.00262687 8.36052e-06
0.77 4.12491 0.00254934 3.67741e-06
0.771 4.00857 0.00247338 8.20392e-07
0.772 3.87167 0.00240046 1.65418e-08
0.773 3.71772 0.00233148 1.36735e-06
0.774 3.55084 0.00226661 4.8404e-06
0.775 3.37563 0.00220532 1.02695e-05
0.776 3.19694 0.00214646 1.73633e-05
0.777 3.01971 0.00208844 2.57224e-05
0.778 2.84874 0.00202957 3.48632e-05
0.779 2.68854 0.00196827 4.42473e-05
0.78 2.54311 0.00190338 5.33152e-05
0.781 2.41581 0.00183432 6.15211e-05
0.782 2.30924 0.00176123 6.83671e-05
0.783 2.22511 0.00168492 7.34352e-05
0.784 2.16419 0.00160677 7.64137e-05
0.785 2.12631 0.00152854 7.71172e-05
0.786 2.11034 0.00145206 7.5499e-05
0.787 2.11425 0.00137899 7.16541e-05
0.788 2.1352 0.00131056 6.58139e-05
0.789 2.16967 0.00124739 5.8332e-05
0.79 2.21359 0.00118943 4.96621e-05
0.791 2.2625 0.00113595 4.03297e-05
0.792 2.31176 0.00108572 3.08997e-05
0.793 2.35671 0.00103715 2.19406e-05
0.794 2.39286 0.000988636 1.39895e-05
0.795 2.4161 0.000938769 7.5189e-06
0.796 2.42283 0.000886583 2.9074e-06
0.797 2.41009 0.000831713 4.16775e-07
0.798 2.37574 0.000774455 1.76423e-07
0.799 2.31848 0.000715729 2.17618e-06
0.8 2.23791 0.000656933 6.26799e-06
0.801 2.13457 0.000599727 1.21762e-05
0.802 2.00989 0.000545779 1.95159e-05
0.803 1.86615 0.00049651 2.78175e-05
0.804 1.70636 0.000452875 3.65572e-05
0.805 1.53414 0.000415226 4.51895e-05
0.806 1.35362 0.000383264 5.31814e-05
0.807 1.16919 0.0003561 6.00456e-05
0.808 0.985409 0.000332398 6.53692e-05
0.809 0.80677 0.0003106 6.88391e-05
0.81 0.637541 0.000289173 7.02589e-05
0.811 0.481592 0.000266855 6.95599e-05
0.812 0.342244 0.000242853 6.68031e-05
0.813 0.222145 0.000216968 6.21728e-05
0.814 0.123161 0.000189623 5.59634e-05
0.815 0.046312 0.000161792 4.85591e-05
0.816 -0.00826418 0.000134843 4.0408e-05
0.817 -0.0413139 0.000110319 3.1994e-05
0.818 -0.054431 8.96949e-05 2.38051e-05
0.819 -0.0499878 7.41411e-05 1.63042e-05
0.82 -0.0310356 6.43428e-05 9.90069e-06
0.821 -0.00117842 6.03921e-05 4.92637e-06
0.822 0.0355751 6.17761e-05 1.61721e-06
0.823 0.0749745 6.7459e-05 1.01102e-07
0.824 0.1127 7.60464e-05 3.92854e-07
0.825 0.144536 8.60034e-05 2.39637e-06
0.826 0.16654 9.58938e-05 5.91369e-06
0.827 0.175201 0.000104601 1.06602e-05
0.828 0.167575 0.000111496 1.62848e-05
0.829 0.141406 0.000116529 2.23936e-05
0.83 0.09521 0.000120224 2.85756e-05
0.831 0.0283309 0.000123588 3.44288e-05
0.832 -0.0590335 0.000127942 3.95846e-05
0.833 -0.165845 0.000134702 4.37297e-05
0.834 -0.290269 0.000145149 4.66233e-05
0.835 -0.429751 0.000160218 4.81098e-05
0.836 -0.581121 0.00018035 4.8125e-05
0.837 -0.740724 0.000205411 4.6697e-05
0.838 -0.904564 0.000234715 4.39405e-05
0.839 -1.06847 0.000267125 4.00469e-05
0.84 -1.22826 0.000301227 3.52688e-05
0.841 -1.3799 0.000335542 2.99022e-05
0.842 -1.51967 0.000368758 2.42659e-05
0.843 -1.64433 0.000399918 1.86812e-05
0.844 -1.75122 0.000428562 1.34514e-05
0.845 -1.83834 0.000454788 8.84393e-06
0.846 -1.9045 0.000479216 5.0753e-06
0.847 -1.94929 0.000502883 2.3e-06
0.848 -1.97314 0.000527061 6.03875e-07
0.849 -1.97727 0.000553048 2.13225e-09
0.85 -1.96363 0.000581947 4.41996e-07
0.851 -1.93488 0.000614491 1.80952e-06
0.852 -1.89418 0.000650913 3.93997e-06
0.853 -1.84515 0.000690903 6.63096e-06
0.854 -1.79167 0.000733654 9.65725e-06
0.855 -1.73775 0.000777977 1.27863e-05
0.856 -1.68736 0.000822486 1.57933e-05
0.857 -1.64426 0.000865801 1.8475e-05
0.858 -1.61186 0.000906762 2.06616e-05
0.859 -1.5931 0.000944594 2.2225e-05
0.86 -1.59031 0.000979019 2.30848e-05
0.861 -1.60512 0.00101029 2.32102e-05
0.862 -1.63843 0.00103911 2.26188e-05
0.863 -1.69033 0.00106657 2.13726e-05
0.864 -1.76013 0.00109389 1.95703e-05
0.865 -1.8464 0.00112227 1.73392e-05
0.866 -1.94701 0.00115266 1.48245e-05
0.867 -2.05919 0.00118561 1.21787e-05
0.868 -2.17973 0.00122121 9.55136e-06
0.869 -2.30502 0.00125902 7.07924e-06
0.87 -2.43125 0.00129814 4.87861e-06
0.871 -2.55453 0.00133741 3.03911e-06
0.872 -2.67108 0.00137549 1.62001e-06
0.873 -2.77735 0.00141116 6.48787e-07
0.874 -2.87018 0.00144341 1.21928e-07
0.875 -2.9469 0.00147168 7.87414e-09
0.876 -3.00547 0.00149588 2.5158e-07
0.877 -3.04453 0.00151641 7.80351e-07
0.878 -3.06346 0.00153409 1.51041e-06
0.879 -3.06242 0.00155002 2.35367e-06
0.88 -3.04228 0.0015654 3.22422e-06
0.881 -3.00467 0.00158132 4.0441e-06
0.882 -2.95183 0.00159861 4.74791e-06
0.883 -2.88658 0.0016177 5.28622e-06
0.884 -2.81215 0.00163852 5.62731e-06
0.885 -2.73209 0.00166056 5.75765e-06
0.886 -2.65012 0.00168289 5.68083e-06
0.887 -2.56995 0.00170438 5.41538e-06
0.888 -2.49519 0.0017238 4.99173e-06
0.889 -2.42913 0.00174007 4.44846e-06
0.89 -2.37468 0.0017524 3.82846e-06
0.891 -2.33422 0.00176041 3.17507e-06
0.892 -2.30952 0.0017642 2.52865e-06
0.893 -2.30166 0.00176431 1.92374e-06
0.894 -2.31099 0.00176165 1.3871e-06
0.895 -2.33714 0.00175734 9.36534e-07
0.896 -2.37901 0.00175254 5.80649e-07
0.897 -2.43486 0.00174826 3.19447e-07
0.898 -2.50233 0.00174521 1.45583e-07
0.899 -2.57856 0.00174369 4.61244e-08
0.9 -2.66034 0.00174352 4.6142e-09
0.901 -2.74417 0.00174413 3.1947e-09
0.902 -2.82648 0.00174459 2.45973e-08
0.903 -2.9037 0.00174383 5.38146e-08
0.904 -2.97246 0.00174073 7.9322e-08
0.905 -3.0297 0.00173437 9.37687e-08
0.906 -3.07278 0.00172416 9.41168e-08
0.907 -3.09961 0.0017099 8.1263e-08
0.908 -3.10871 0.00169186 5.92296e-08
0.909 -3.09928 0.00167069 3.40502e-08
0.91 -3.07124 0.00164738 1.24997e-08
0.911 -3.02517 0.00162303 8.30515e-10
0.912 -2.96238 0.00159877 3.66561e-09
0.913 -2.88477 0.00157548 2.318e-08
0.914 -2.79481 0.00155377 5.8664e-08
0.915 -2.69539 0.0015338 1.06519e-07
0.916 -2.58974 0.00151533 1.60689e-07
0.917 -2.4813 0.00149771 2.13469e-07
0.918 -2.37355 0.00148003 2.56622e-07
0.919 -2.26991 0.00146126 2.82646e-07
0.92 -2.17356 0.00144042 2.86075e-07
0.921 -2.08737 0.00141675 2.64632e-07
0.922 -2.01374 0.00138979 2.20105e-07
0.923 -1.95452 0.00135954 1.5882e-07
0.924 -1.91096 0.00132639 9.16132e-08
0.925 -1.88364 0.00129108 3.32887e-08
0.926 -1.87244 0.00125462 1.549e-09
0.927 -1.87659 0.00121809 1.5486e-08
0.928 -1.89467 0.00118253 9.37394e-08
0.929 -1.92467 0.00114872 2.52484e-07
0.93 -1.96411 0.00111712 5.03428e-07
0.931 -2.01008 0.00108779 8.52024e-07
0.932 -2.05942 0.00106036 1.29607e-06
0.933 -2.10882 0.00103416 1.8249e-06
0.934 -2.15495 0.00100828 2.41923e-06
0.935 -2.19461 0.000981742 3.05178e-06
0.936 -2.22482 0.000953678 3.68871e-06
0.937 -2.243 0.000923447 4.29171e-06
0.938 -2.24702 0.00089076 4.82069e-06
0.939 -2.23532 0.00085572 5.23694e-06
0.94 -2.20693 0.000818819 5.50637e-06
0.941 -2.16155 0.000780857 5.60271e-06
0.942 -2.09952 0.000742829 5.5104e-06
0.943 -2.02185 0.000705764 5.22676e-06
0.944 -1.93013 0.000670578 4.76342e-06
0.945 -1.82649 0.000637933 4.14668e-06
0.946 -1.71352 0.00060814 3.41676e-06
0.947 -1.59414 0.000581122 2.62599e-06
0.948 -1.47152 0.000556432 1.83582e-06
0.949 -1.34891 0.000533332 1.11303e-06
0.95 -1.22952 0.000510921 5.25248e-07
0.951 -1.11644 0.00048828 1.3604e-07
0.952 -1.01245 0.000464623 5.45459e-11
0.953 -0.919956 0.000439428 1.58456e-07
0.954 -0.840878 0.000412522 6.35067e-07
0.955 -0.776579 0.000384108 1.43353e-06
0.956 -0.72782 0.00035474 2.53575e-06
0.957 -0.694723 0.000325234 3.9018e-06
0.958 -0.676778 0.000296544 5.47138e-06
0.959 -0.672862 0.000269615 7.16678e-06
0.96 -0.681289 0.000245236 8.89724e-06
0.961 -0.69988 0.000223923 1.05644e-05
0.962 -0.726054 0.00020584 1.20688e-05
0.963 -0.756932 0.00019078 1.33161e-05
0.964 -0.789457 0.000178205 1.42242e-05
0.965 -0.820514 0.000167331 1.47291e-05
0.966 -0.847058 0.000157261 1.479e-05
0.967 -0.866235 0.000147126 1.43931e-05
0.968 -0.875496 0.000136223 1.35539e-05
0.969 -0.872701 0.000124132 1.23168e-05
0.97 -0.856198 0.000110775 1.0754e-05
0.971 -0.824893 9.64312e-05 8.96135e-06
0.972 -0.77829 8.16921e-05 7.0532e-06
0.973 -0.716508 6.73642e-05 5.15539e-06
0.974 -0.640275 5.43429e-05 3.39744e-06
0.975 -0.550899 4.347e-05 1.90429e-06
0.976 -0.45021 3.54016e-05 7.87908e-07
0.977 -0.340489 3.05053e-05 1.39652e-07
0.978 -0.224374 2.88035e-05 2.37033e-08
0.979 -0.104752 2.99716e-05 4.7211e-07
0.98 0.0153514 3.33901e-05 1.48182e-06
0.981 0.1329 3.8243e-05 3.01391e-06
0.982 0.244963 4.36464e-05 4.99521e-06
0.983 0.34883 4.87865e-05 7.3221e-06
0.984 0.442125 5.30455e-05 9.86643e-06
0.985 0.522889 5.60958e-05 1.24832e-05
0.986 0.589664 5.79475e-05 1.50195e-05
0.987 0.641546 5.89417e-05 1.73238e-05
0.988 0.678216 5.96921e-05 1.92562e-05
0.989 0.699955 6.09834e-05 2.06969e-05
0.99 0.707622 6.36431e-05 2.15545e-05
0.991 0.702625 6.84078e-05 2.17723e-05
0.992 0.686855 7.58034e-05 2.13323e-05
0.993 0.662611 8.60603e-05 2.02567e-05
0.994 0.632506 9.90751e-05 1.86074e-05
0.995 0.599361 0.000114425 1.64825e-05
0.996 0.566087 0.000131431 1.40105e-05
0.997 0.535574 0.000149265 1.13423e-05
0.998 0.510568 0.000167074 8.64223e-06
0.999 0.493568 0.000184114 6.07793e-06
1 0.486722 0.000199857 3.80949e-06
